Menu("Maze Game","Play from Beginning",1,"Level Select",5
Lbl 5
Menu("Level Select","Level 1",1,"Level 2",2,"Level 3",3,"Level 4",4
ClrHome
Lbl 1
ClrHome
[[1,1,1,1,1,1,1,1,1,1,1,1,1,1,1,1,1,1,1,1,1,1,1,1,1,1][1,0,0,1,0,1,0,1,0,0,1,0,0,0,1,1,0,0,1,1,1,0,0,0,1,1][1,0,1,0,0,0,1,0,1,0,0,0,1,0,0,0,1,0,0,0,0,0,1,0,0,1][1,0,1,0,1,0,0,0,1,0,1,0,1,1,0,0,1,1,0,1,0,1,1,1,0,1][1,0,1,0,1,0,1,0,0,0,0,0,0,0,1,0,1,0,0,1,0,1,1,0,0,1][1,0,1,0,1,0,1,0,1,0,0,1,0,1,1,0,0,0,1,1,0,1,1,1,0,1][1,0,1,0,1,0,1,0,1,0,1,1,0,1,0,0,1,1,1,1,0,1,1,0,0,1][1,0,1,0,1,0,1,0,1,0,1,1,0,0,1,0,1,1,1,0,0,1,1,0,1,1][1,0,0,0,1,0,1,0,1,0,1,1,1,0,0,0,1,1,1,0,1,1,1,0,0,1][1,1,1,1,1,1,1,1,1,1,1,1,1,1,1,1,1,1,1,1,1,1,1,1,2,1]]→[A]
2→A
2→B
For(C,1,10)
For(D,1,26)
Output(C,D,sub(" IW",[A](C,D)+1,1))
End
End
Repeat K=21 or [A](A,B)=2
getKey→K
If Ans
Output(A,B," ")
sum(DeltaList(Ans={25,34}))
A+Ans([A](A+Ans,B)≠1)→A
sum(DeltaList(K={24,26}))
B+Ansnot([A](A,B+Ans))→B
Output(A,Ans,"X")
If K=21
Stop
End
Goto 2
Lbl 2
ClrHome
[[1,1,1,1,1,1,1,1,1,1,1,1,1,1,1,1,1,1,1,1,1,1,1,1,1,1][1,0,0,1,1,1,1,1,1,1,1,1,1,1,1,1,1,1,1,0,0,0,0,1,1,1][1,1,0,1,1,1,1,1,1,0,1,0,1,1,1,1,1,1,1,0,1,1,0,1,1,1][1,0,0,0,0,0,1,1,1,0,1,0,0,0,0,0,0,0,0,0,1,1,0,1,1,1][1,0,1,1,1,0,0,0,0,0,0,0,0,1,1,1,1,1,1,0,1,1,0,1,1,1][1,0,0,1,1,0,1,1,1,0,1,1,0,1,1,0,0,0,0,0,0,0,0,1,1,1][1,1,0,0,0,0,0,0,1,0,1,1,0,1,1,0,1,1,1,0,1,1,0,0,0,1][1,1,1,0,1,0,1,0,1,0,1,1,0,0,0,0,1,1,1,0,1,1,1,1,0,1][1,0,0,0,1,0,0,0,0,0,1,1,1,1,1,0,0,0,0,0,1,1,1,1,0,1][1,1,1,1,1,1,1,1,1,1,1,1,1,1,1,1,1,1,1,1,1,1,1,1,2,1]]→[B]
2→A
2→B
For(C,1,10)
For(D,1,26)
Output(C,D,sub(" IW",[B](C,D)+1,1))
End
End
Repeat K=21 or [B](A,B)=2
getKey→K
If Ans
Output(A,B," ")
sum(DeltaList(Ans={25,34}))
A+Ans([B](A+Ans,B)≠1)→A
sum(DeltaList(K={24,26}))
B+Ansnot([B](A,B+Ans))→B
Output(A,Ans,"X")
If K=21
Stop
End
Goto 3
Lbl 3
ClrHome
[[1,1,1,1,1,1,1,1,1,1,1,1,1,1,1,1,1,1,1,1,1,1,1,1,1,1][1,0,1,1,1,1,0,1,1,0,0,0,0,0,0,1,0,1,0,0,0,0,0,0,1,1][1,0,1,1,1,1,0,1,1,0,1,0,1,1,0,1,0,1,0,1,1,1,1,0,1,1][1,0,1,1,1,1,0,1,1,0,1,0,1,1,0,1,0,1,0,1,1,1,1,0,1,1][1,0,0,0,0,0,0,1,1,0,1,0,1,1,0,1,0,0,0,0,0,0,1,0,1,1][1,1,1,0,1,0,1,1,1,0,1,0,1,1,0,1,0,0,1,0,1,0,1,0,1,1][1,0,0,0,1,0,1,1,1,0,1,0,1,1,0,1,0,0,1,0,1,0,1,0,1,1][1,1,1,0,1,0,1,1,1,0,1,0,1,1,0,0,0,0,1,0,1,0,0,0,0,1][1,1,1,0,0,0,0,0,0,0,1,0,1,1,0,1,1,1,1,0,1,1,1,1,0,1][1,1,1,1,1,1,1,1,1,1,1,1,1,1,1,1,1,1,1,1,1,1,1,1,2,1]]→[C]
2→A
2→B
For(C,1,10)
For(D,1,26)
Output(C,D,sub(" IW",[C](C,D)+1,1))
End
End
Repeat K=21 or [C](A,B)=2
getKey→K
If Ans
Output(A,B," ")
sum(DeltaList(Ans={25,34}))
A+Ans([C](A+Ans,B)≠1)→A
sum(DeltaList(K={24,26}))
B+Ansnot([C](A,B+Ans))→B
Output(A,Ans,"X")
If K=21
Stop
End
Goto 4
Lbl 4
ClrHome
[[1,1,1,1,1,1,1,1,1,1,1,1,1,1,1,1,1,1,1,1,1,1,1,1,1,1][1,0,1,1,1,1,1,1,0,1,1,1,1,1,1,0,0,0,0,0,1,1,0,0,0,1][1,0,0,1,0,0,0,0,0,1,1,0,0,0,0,0,1,1,1,0,1,1,0,1,1,1][1,1,0,1,0,1,1,0,1,1,1,0,1,1,0,1,1,1,1,0,1,1,0,1,1,1][1,1,0,1,0,0,1,0,0,0,0,0,0,0,0,0,0,1,0,0,1,0,0,0,0,1][1,0,0,1,1,0,1,0,1,1,1,1,1,0,1,1,0,1,0,1,1,0,1,0,1,1][1,0,0,0,1,0,1,0,0,0,0,0,1,0,1,1,0,1,0,1,1,0,1,0,1,1][1,0,1,0,0,0,1,0,1,1,1,0,1,0,1,1,0,1,0,0,0,0,1,0,0,1][1,0,1,0,1,1,1,0,0,0,0,0,1,0,1,1,0,1,1,0,1,0,0,0,0,1][1,1,1,1,1,1,1,1,1,1,1,1,1,1,1,1,1,1,1,1,1,1,1,1,2,1]]→[C]
2→A
2→B
For(C,1,10)
For(D,1,26)
Output(C,D,sub(" IW",[C](C,D)+1,1))
End
End
Repeat K=21 or [C](A,B)=2
getKey→K
If Ans
Output(A,B," ")
sum(DeltaList(Ans={25,34}))
A+Ans([C](A+Ans,B)≠1)→A
sum(DeltaList(K={24,26}))
B+Ansnot([C](A,B+Ans))→B
Output(A,Ans,"X")
If K=21
Stop
End
ClrHome
Stop